agestrat,COGscore,n,perc,cum_per,lag_tot,lag_cum_per
0,0,10,38.4615,38.4615,NA,NA
0,1,5,19.2308,57.6923,0,38.4615
0,2,4,15.3846,73.0769,1,57.6923
0,3,6,23.0769,96.1538,2,73.0769
0,4,1,3.8462,100,3,96.1538
2,0,1,3.8462,3.8462,NA,NA
2,1,1,3.8462,7.6923,0,3.8462
2,2,1,3.8462,11.5385,1,7.6923
2,3,6,23.0769,34.6154,2,11.5385
2,4,6,23.0769,57.6923,3,34.6154
2,5,11,42.3077,100,4,57.6923
4,1,2,4.7619,4.7619,NA,NA
4,3,2,4.7619,9.5238,1,4.7619
4,4,5,11.9048,21.4286,3,9.5238
4,5,26,61.9048,83.3333,4,21.4286
4,6,6,14.2857,97.619,5,83.3333
4,10,1,2.381,100,6,97.619
6,4,2,5,5,NA,NA
6,5,25,62.5,67.5,4,5
6,6,8,20,87.5,5,67.5
6,7,5,12.5,100,6,87.5
8,3,1,2.8571,2.8571,NA,NA
8,5,15,42.8571,45.7143,3,2.8571
8,6,12,34.2857,80,5,45.7143
8,7,4,11.4286,91.4286,6,80
8,8,3,8.5714,100,7,91.4286
10,5,6,14.2857,14.2857,NA,NA
10,6,7,16.6667,30.9524,5,14.2857
10,7,18,42.8571,73.8095,6,30.9524
10,8,4,9.5238,83.3333,7,73.8095
10,9,6,14.2857,97.619,8,83.3333
10,13,1,2.381,100,9,97.619
12,5,2,5.4054,5.4054,NA,NA
12,6,3,8.1081,13.5135,5,5.4054
12,7,8,21.6216,35.1351,6,13.5135
12,8,10,27.027,62.1622,7,35.1351
12,9,4,10.8108,72.973,8,62.1622
12,10,4,10.8108,83.7838,9,72.973
12,11,3,8.1081,91.8919,10,83.7838
12,12,2,5.4054,97.2973,11,91.8919
12,15,1,2.7027,100,12,97.2973
14,5,1,2.3256,2.3256,NA,NA
14,6,2,4.6512,6.9767,5,2.3256
14,7,9,20.9302,27.907,6,6.9767
14,8,5,11.6279,39.5349,7,27.907
14,9,5,11.6279,51.1628,8,39.5349
14,10,7,16.2791,67.4419,9,51.1628
14,11,6,13.9535,81.3953,10,67.4419
14,12,1,2.3256,83.7209,11,81.3953
14,13,1,2.3256,86.0465,12,83.7209
14,14,2,4.6512,90.6977,13,86.0465
14,15,1,2.3256,93.0233,14,90.6977
14,17,2,4.6512,97.6744,15,93.0233
14,18,1,2.3256,100,17,97.6744
16,6,1,3.0303,3.0303,NA,NA
16,7,2,6.0606,9.0909,6,3.0303
16,8,4,12.1212,21.2121,7,9.0909
16,9,3,9.0909,30.303,8,21.2121
16,10,5,15.1515,45.4545,9,30.303
16,11,4,12.1212,57.5758,10,45.4545
16,12,7,21.2121,78.7879,11,57.5758
16,13,3,9.0909,87.8788,12,78.7879
16,15,1,3.0303,90.9091,13,87.8788
16,18,2,6.0606,96.9697,15,90.9091
16,19,1,3.0303,100,18,96.9697
18,7,3,8.8235,8.8235,NA,NA
18,8,2,5.8824,14.7059,7,8.8235
18,10,2,5.8824,20.5882,8,14.7059
18,11,3,8.8235,29.4118,10,20.5882
18,12,2,5.8824,35.2941,11,29.4118
18,13,10,29.4118,64.7059,12,35.2941
18,14,4,11.7647,76.4706,13,64.7059
18,16,4,11.7647,88.2353,14,76.4706
18,17,1,2.9412,91.1765,16,88.2353
18,19,2,5.8824,97.0588,17,91.1765
18,20,1,2.9412,100,19,97.0588
20,6,1,2.6316,2.6316,NA,NA
20,9,1,2.6316,5.2632,6,2.6316
20,11,1,2.6316,7.8947,9,5.2632
20,12,9,23.6842,31.5789,11,7.8947
20,13,10,26.3158,57.8947,12,31.5789
20,14,5,13.1579,71.0526,13,57.8947
20,15,3,7.8947,78.9474,14,71.0526
20,16,2,5.2632,84.2105,15,78.9474
20,17,2,5.2632,89.4737,16,84.2105
20,19,1,2.6316,92.1053,17,89.4737
20,20,2,5.2632,97.3684,19,92.1053
20,21,1,2.6316,100,20,97.3684
22,8,2,6.6667,6.6667,NA,NA
22,9,2,6.6667,13.3333,8,6.6667
22,10,1,3.3333,16.6667,9,13.3333
22,11,1,3.3333,20,10,16.6667
22,12,3,10,30,11,20
22,13,5,16.6667,46.6667,12,30
22,14,5,16.6667,63.3333,13,46.6667
22,15,2,6.6667,70,14,63.3333
22,16,1,3.3333,73.3333,15,70
22,17,1,3.3333,76.6667,16,73.3333
22,18,2,6.6667,83.3333,17,76.6667
22,19,2,6.6667,90,18,83.3333
22,20,1,3.3333,93.3333,19,90
22,22,2,6.6667,100,20,93.3333
24,4,1,1.4085,1.4085,NA,NA
24,5,1,1.4085,2.8169,4,1.4085
24,6,1,1.4085,4.2254,5,2.8169
24,9,2,2.8169,7.0423,6,4.2254
24,10,2,2.8169,9.8592,9,7.0423
24,12,5,7.0423,16.9014,10,9.8592
24,13,16,22.5352,39.4366,12,16.9014
24,14,4,5.6338,45.0704,13,39.4366
24,15,9,12.6761,57.7465,14,45.0704
24,16,13,18.3099,76.0563,15,57.7465
24,17,5,7.0423,83.0986,16,76.0563
24,18,2,2.8169,85.9155,17,83.0986
24,19,1,1.4085,87.3239,18,85.9155
24,20,2,2.8169,90.1408,19,87.3239
24,21,3,4.2254,94.3662,20,90.1408
24,22,2,2.8169,97.1831,21,94.3662
24,23,2,2.8169,100,22,97.1831
28,7,1,1.5625,1.5625,NA,NA
28,8,1,1.5625,3.125,7,1.5625
28,10,3,4.6875,7.8125,8,3.125
28,11,1,1.5625,9.375,10,7.8125
28,12,3,4.6875,14.0625,11,9.375
28,13,5,7.8125,21.875,12,14.0625
28,14,5,7.8125,29.6875,13,21.875
28,15,4,6.25,35.9375,14,29.6875
28,16,10,15.625,51.5625,15,35.9375
28,17,6,9.375,60.9375,16,51.5625
28,18,7,10.9375,71.875,17,60.9375
28,19,5,7.8125,79.6875,18,71.875
28,20,6,9.375,89.0625,19,79.6875
28,21,2,3.125,92.1875,20,89.0625
28,22,3,4.6875,96.875,21,92.1875
28,23,1,1.5625,98.4375,22,96.875
28,26,1,1.5625,100,23,98.4375
32,10,1,1.6949,1.6949,NA,NA
32,11,1,1.6949,3.3898,10,1.6949
32,12,2,3.3898,6.7797,11,3.3898
32,13,3,5.0847,11.8644,12,6.7797
32,14,3,5.0847,16.9492,13,11.8644
32,15,4,6.7797,23.7288,14,16.9492
32,16,8,13.5593,37.2881,15,23.7288
32,17,4,6.7797,44.0678,16,37.2881
32,18,8,13.5593,57.6271,17,44.0678
32,19,6,10.1695,67.7966,18,57.6271
32,20,5,8.4746,76.2712,19,67.7966
32,21,5,8.4746,84.7458,20,76.2712
32,22,2,3.3898,88.1356,21,84.7458
32,23,2,3.3898,91.5254,22,88.1356
32,24,3,5.0847,96.6102,23,91.5254
32,25,1,1.6949,98.3051,24,96.6102
32,28,1,1.6949,100,25,98.3051
36,4,1,1.1905,1.1905,NA,NA
36,6,1,1.1905,2.381,4,1.1905
36,7,1,1.1905,3.5714,6,2.381
36,8,1,1.1905,4.7619,7,3.5714
36,9,1,1.1905,5.9524,8,4.7619
36,10,1,1.1905,7.1429,9,5.9524
36,11,1,1.1905,8.3333,10,7.1429
36,12,1,1.1905,9.5238,11,8.3333
36,13,1,1.1905,10.7143,12,9.5238
36,14,4,4.7619,15.4762,13,10.7143
36,15,2,2.381,17.8571,14,15.4762
36,16,4,4.7619,22.619,15,17.8571
36,17,5,5.9524,28.5714,16,22.619
36,18,7,8.3333,36.9048,17,28.5714
36,19,15,17.8571,54.7619,18,36.9048
36,20,5,5.9524,60.7143,19,54.7619
36,21,6,7.1429,67.8571,20,60.7143
36,22,10,11.9048,79.7619,21,67.8571
36,23,5,5.9524,85.7143,22,79.7619
36,24,7,8.3333,94.0476,23,85.7143
36,25,2,2.381,96.4286,24,94.0476
36,26,2,2.381,98.8095,25,96.4286
36,28,1,1.1905,100,26,98.8095
42,8,2,2.1505,2.1505,NA,NA
42,9,2,2.1505,4.3011,8,2.1505
42,10,2,2.1505,6.4516,9,4.3011
42,11,1,1.0753,7.5269,10,6.4516
42,12,1,1.0753,8.6022,11,7.5269
42,14,2,2.1505,10.7527,12,8.6022
42,15,2,2.1505,12.9032,14,10.7527
42,16,1,1.0753,13.9785,15,12.9032
42,17,3,3.2258,17.2043,16,13.9785
42,18,7,7.5269,24.7312,17,17.2043
42,19,4,4.3011,29.0323,18,24.7312
42,20,11,11.828,40.8602,19,29.0323
42,21,4,4.3011,45.1613,20,40.8602
42,22,10,10.7527,55.914,21,45.1613
42,23,12,12.9032,68.8172,22,55.914
42,24,8,8.6022,77.4194,23,68.8172
42,25,11,11.828,89.2473,24,77.4194
42,26,2,2.1505,91.3978,25,89.2473
42,27,5,5.3763,96.7742,26,91.3978
42,29,2,2.1505,98.9247,27,96.7742
42,32,1,1.0753,100,29,98.9247
48,14,1,1.087,1.087,NA,NA
48,15,1,1.087,2.1739,14,1.087
48,16,3,3.2609,5.4348,15,2.1739
48,17,2,2.1739,7.6087,16,5.4348
48,18,5,5.4348,13.0435,17,7.6087
48,19,3,3.2609,16.3043,18,13.0435
48,20,7,7.6087,23.913,19,16.3043
48,21,5,5.4348,29.3478,20,23.913
48,22,2,2.1739,31.5217,21,29.3478
48,23,17,18.4783,50,22,31.5217
48,24,5,5.4348,55.4348,23,50
48,25,10,10.8696,66.3043,24,55.4348
48,26,9,9.7826,76.087,25,66.3043
48,27,9,9.7826,85.8696,26,76.087
48,28,6,6.5217,92.3913,27,85.8696
48,29,4,4.3478,96.7391,28,92.3913
48,31,1,1.087,97.8261,29,96.7391
48,34,1,1.087,98.913,31,97.8261
48,36,1,1.087,100,34,98.913
54,6,2,2.2222,2.2222,NA,NA
54,9,1,1.1111,3.3333,6,2.2222
54,11,2,2.2222,5.5556,9,3.3333
54,13,2,2.2222,7.7778,11,5.5556
54,14,1,1.1111,8.8889,13,7.7778
54,16,1,1.1111,10,14,8.8889
54,17,1,1.1111,11.1111,16,10
54,19,3,3.3333,14.4444,17,11.1111
54,20,1,1.1111,15.5556,19,14.4444
54,21,1,1.1111,16.6667,20,15.5556
54,22,5,5.5556,22.2222,21,16.6667
54,23,4,4.4444,26.6667,22,22.2222
54,24,8,8.8889,35.5556,23,26.6667
54,25,7,7.7778,43.3333,24,35.5556
54,26,10,11.1111,54.4444,25,43.3333
54,27,8,8.8889,63.3333,26,54.4444
54,28,8,8.8889,72.2222,27,63.3333
54,29,7,7.7778,80,28,72.2222
54,30,8,8.8889,88.8889,29,80
54,31,2,2.2222,91.1111,30,88.8889
54,32,2,2.2222,93.3333,31,91.1111
54,34,4,4.4444,97.7778,32,93.3333
54,35,1,1.1111,98.8889,34,97.7778
54,39,1,1.1111,100,35,98.8889
60,12,1,0.9346,0.9346,NA,NA
60,16,2,1.8692,2.8037,12,0.9346
60,17,1,0.9346,3.7383,16,2.8037
60,19,1,0.9346,4.6729,17,3.7383
60,20,2,1.8692,6.5421,19,4.6729
60,21,5,4.6729,11.215,20,6.5421
60,22,3,2.8037,14.0187,21,11.215
60,23,6,5.6075,19.6262,22,14.0187
60,24,7,6.5421,26.1682,23,19.6262
60,25,4,3.7383,29.9065,24,26.1682
60,26,8,7.4766,37.3832,25,29.9065
60,27,5,4.6729,42.0561,26,37.3832
60,28,6,5.6075,47.6636,27,42.0561
60,29,14,13.0841,60.7477,28,47.6636
60,30,14,13.0841,73.8318,29,60.7477
60,31,11,10.2804,84.1121,30,73.8318
60,32,1,0.9346,85.0467,31,84.1121
60,33,5,4.6729,89.7196,32,85.0467
60,34,7,6.5421,96.2617,33,89.7196
60,35,1,0.9346,97.1963,34,96.2617
60,37,1,0.9346,98.1308,35,97.1963
60,38,1,0.9346,99.0654,37,98.1308
60,39,1,0.9346,100,38,99.0654
66,12,1,1.0753,1.0753,NA,NA
66,13,1,1.0753,2.1505,12,1.0753
66,20,1,1.0753,3.2258,13,2.1505
66,21,3,3.2258,6.4516,20,3.2258
66,22,3,3.2258,9.6774,21,6.4516
66,23,2,2.1505,11.828,22,9.6774
66,25,2,2.1505,13.9785,23,11.828
66,26,4,4.3011,18.2796,25,13.9785
66,27,6,6.4516,24.7312,26,18.2796
66,28,8,8.6022,33.3333,27,24.7312
66,29,6,6.4516,39.7849,28,33.3333
66,30,7,7.5269,47.3118,29,39.7849
66,31,8,8.6022,55.914,30,47.3118
66,32,9,9.6774,65.5914,31,55.914
66,33,14,15.0538,80.6452,32,65.5914
66,34,4,4.3011,84.9462,33,80.6452
66,35,5,5.3763,90.3226,34,84.9462
66,36,2,2.1505,92.4731,35,90.3226
66,38,5,5.3763,97.8495,36,92.4731
66,40,2,2.1505,100,38,97.8495
72,10,1,0.9524,0.9524,NA,NA
72,12,1,0.9524,1.9048,10,0.9524
72,15,1,0.9524,2.8571,12,1.9048
72,16,1,0.9524,3.8095,15,2.8571
72,20,1,0.9524,4.7619,16,3.8095
72,22,3,2.8571,7.619,20,4.7619
72,23,2,1.9048,9.5238,22,7.619
72,24,1,0.9524,10.4762,23,9.5238
72,25,1,0.9524,11.4286,24,10.4762
72,26,3,2.8571,14.2857,25,11.4286
72,27,3,2.8571,17.1429,26,14.2857
72,28,3,2.8571,20,27,17.1429
72,29,3,2.8571,22.8571,28,20
72,30,6,5.7143,28.5714,29,22.8571
72,31,8,7.619,36.1905,30,28.5714
72,32,12,11.4286,47.619,31,36.1905
72,33,6,5.7143,53.3333,32,47.619
72,34,10,9.5238,62.8571,33,53.3333
72,35,11,10.4762,73.3333,34,62.8571
72,36,8,7.619,80.9524,35,73.3333
72,37,9,8.5714,89.5238,36,80.9524
72,38,2,1.9048,91.4286,37,89.5238
72,39,4,3.8095,95.2381,38,91.4286
72,40,2,1.9048,97.1429,39,95.2381
72,41,2,1.9048,99.0476,40,97.1429
72,42,1,0.9524,100,41,99.0476
78,20,1,1.1236,1.1236,NA,NA
78,21,1,1.1236,2.2472,20,1.1236
78,22,2,2.2472,4.4944,21,2.2472
78,24,1,1.1236,5.618,22,4.4944
78,26,5,5.618,11.236,24,5.618
78,27,3,3.3708,14.6067,26,11.236
78,28,3,3.3708,17.9775,27,14.6067
78,29,1,1.1236,19.1011,28,17.9775
78,30,4,4.4944,23.5955,29,19.1011
78,31,4,4.4944,28.0899,30,23.5955
78,32,2,2.2472,30.3371,31,28.0899
78,33,6,6.7416,37.0787,32,30.3371
78,34,6,6.7416,43.8202,33,37.0787
78,35,7,7.8652,51.6854,34,43.8202
78,36,8,8.9888,60.6742,35,51.6854
78,37,13,14.6067,75.2809,36,60.6742
78,38,5,5.618,80.8989,37,75.2809
78,39,6,6.7416,87.6404,38,80.8989
78,40,4,4.4944,92.1348,39,87.6404
78,41,4,4.4944,96.6292,40,92.1348
78,42,3,3.3708,100,41,96.6292
84,20,1,0.8197,0.8197,NA,NA
84,22,2,1.6393,2.459,20,0.8197
84,23,1,0.8197,3.2787,22,2.459
84,24,3,2.459,5.7377,23,3.2787
84,25,1,0.8197,6.5574,24,5.7377
84,26,1,0.8197,7.377,25,6.5574
84,27,1,0.8197,8.1967,26,7.377
84,28,3,2.459,10.6557,27,8.1967
84,29,1,0.8197,11.4754,28,10.6557
84,30,3,2.459,13.9344,29,11.4754
84,31,5,4.0984,18.0328,30,13.9344
84,32,2,1.6393,19.6721,31,18.0328
84,33,4,3.2787,22.9508,32,19.6721
84,34,3,2.459,25.4098,33,22.9508
84,35,8,6.5574,31.9672,34,25.4098
84,36,10,8.1967,40.1639,35,31.9672
84,37,12,9.8361,50,36,40.1639
84,38,17,13.9344,63.9344,37,50
84,39,18,14.7541,78.6885,38,63.9344
84,40,11,9.0164,87.7049,39,78.6885
84,41,11,9.0164,96.7213,40,87.7049
84,42,4,3.2787,100,41,96.7213
96,21,1,0.8264,0.8264,NA,NA
96,24,1,0.8264,1.6529,21,0.8264
96,27,1,0.8264,2.4793,24,1.6529
96,28,1,0.8264,3.3058,27,2.4793
96,30,2,1.6529,4.9587,28,3.3058
96,32,2,1.6529,6.6116,30,4.9587
96,33,4,3.3058,9.9174,32,6.6116
96,34,2,1.6529,11.5702,33,9.9174
96,35,4,3.3058,14.876,34,11.5702
96,36,3,2.4793,17.3554,35,14.876
96,37,5,4.1322,21.4876,36,17.3554
96,38,7,5.7851,27.2727,37,21.4876
96,39,18,14.876,42.1488,38,27.2727
96,40,19,15.7025,57.8512,39,42.1488
96,41,25,20.6612,78.5124,40,57.8512
96,42,26,21.4876,100,41,78.5124
108,25,1,0.9174,0.9174,NA,NA
108,30,2,1.8349,2.7523,25,0.9174
108,32,2,1.8349,4.5872,30,2.7523
108,33,1,0.9174,5.5046,32,4.5872
108,34,1,0.9174,6.422,33,5.5046
108,35,1,0.9174,7.3394,34,6.422
108,36,5,4.5872,11.9266,35,7.3394
108,37,5,4.5872,16.5138,36,11.9266
108,38,4,3.6697,20.1835,37,16.5138
108,39,5,4.5872,24.7706,38,20.1835
108,40,11,10.0917,34.8624,39,24.7706
108,41,25,22.9358,57.7982,40,34.8624
108,42,46,42.2018,100,41,57.7982
120,25,1,0.9615,0.9615,NA,NA
120,33,1,0.9615,1.9231,25,0.9615
120,35,1,0.9615,2.8846,33,1.9231
120,36,6,5.7692,8.6538,35,2.8846
120,37,2,1.9231,10.5769,36,8.6538
120,38,6,5.7692,16.3462,37,10.5769
120,39,4,3.8462,20.1923,38,16.3462
120,40,9,8.6538,28.8462,39,20.1923
120,41,12,11.5385,40.3846,40,28.8462
120,42,62,59.6154,100,41,40.3846
132,24,1,0.5102,0.5102,NA,NA
132,26,1,0.5102,1.0204,24,0.5102
132,27,1,0.5102,1.5306,26,1.0204
132,28,1,0.5102,2.0408,27,1.5306
132,30,1,0.5102,2.551,28,2.0408
132,31,1,0.5102,3.0612,30,2.551
132,33,1,0.5102,3.5714,31,3.0612
132,35,2,1.0204,4.5918,33,3.5714
132,36,3,1.5306,6.1224,35,4.5918
132,37,3,1.5306,7.6531,36,6.1224
132,38,5,2.551,10.2041,37,7.6531
132,39,3,1.5306,11.7347,38,10.2041
132,40,16,8.1633,19.898,39,11.7347
132,41,28,14.2857,34.1837,40,19.898
132,42,129,65.8163,100,41,34.1837
156,32,1,0.7937,0.7937,NA,NA
156,33,1,0.7937,1.5873,32,0.7937
156,36,2,1.5873,3.1746,33,1.5873
156,37,4,3.1746,6.3492,36,3.1746
156,38,5,3.9683,10.3175,37,6.3492
156,39,2,1.5873,11.9048,38,10.3175
156,40,5,3.9683,15.873,39,11.9048
156,41,15,11.9048,27.7778,40,15.873
156,42,91,72.2222,100,41,27.7778
204,30,1,0.9259,0.9259,NA,NA
204,33,1,0.9259,1.8519,30,0.9259
204,37,1,0.9259,2.7778,33,1.8519
204,40,2,1.8519,4.6296,37,2.7778
204,41,5,4.6296,9.2593,40,4.6296
204,42,98,90.7407,100,41,9.2593
