GDS_interview,n,perc,cum_per
200,1,0.0443,0.0443
214,1,0.0443,0.0885
224,1,0.0443,0.1328
238,1,0.0443,0.1771
247,1,0.0443,0.2213
248,1,0.0443,0.2656
250,3,0.1328,0.3984
251,1,0.0443,0.4427
254,2,0.0885,0.5312
255,1,0.0443,0.5755
261,2,0.0885,0.664
262,1,0.0443,0.7083
265,1,0.0443,0.7525
267,1,0.0443,0.7968
270,1,0.0443,0.8411
273,1,0.0443,0.8853
274,1,0.0443,0.9296
275,1,0.0443,0.9739
276,1,0.0443,1.0181
278,1,0.0443,1.0624
279,1,0.0443,1.1067
283,2,0.0885,1.1952
285,1,0.0443,1.2395
288,2,0.0885,1.328
291,2,0.0885,1.4166
295,1,0.0443,1.4608
297,1,0.0443,1.5051
299,2,0.0885,1.5936
300,1,0.0443,1.6379
301,3,0.1328,1.7707
305,2,0.0885,1.8592
307,1,0.0443,1.9035
308,1,0.0443,1.9478
309,1,0.0443,1.992
315,2,0.0885,2.0806
317,1,0.0443,2.1248
319,2,0.0885,2.2134
320,1,0.0443,2.2576
323,1,0.0443,2.3019
325,1,0.0443,2.3462
326,1,0.0443,2.3904
331,2,0.0885,2.479
332,1,0.0443,2.5232
334,1,0.0443,2.5675
336,2,0.0885,2.656
337,1,0.0443,2.7003
339,1,0.0443,2.7446
342,1,0.0443,2.7888
343,4,0.1771,2.9659
344,1,0.0443,3.0102
348,1,0.0443,3.0544
349,1,0.0443,3.0987
350,2,0.0885,3.1873
351,1,0.0443,3.2315
352,1,0.0443,3.2758
353,2,0.0885,3.3643
354,2,0.0885,3.4529
355,2,0.0885,3.5414
356,3,0.1328,3.6742
357,1,0.0443,3.7185
360,1,0.0443,3.7627
361,1,0.0443,3.807
362,5,0.2213,4.0283
366,2,0.0885,4.1169
370,4,0.1771,4.2939
372,2,0.0885,4.3825
373,1,0.0443,4.4267
375,2,0.0885,4.5153
376,1,0.0443,4.5595
378,1,0.0443,4.6038
379,1,0.0443,4.6481
380,2,0.0885,4.7366
381,2,0.0885,4.8251
382,2,0.0885,4.9137
383,2,0.0885,5.0022
384,2,0.0885,5.0907
385,2,0.0885,5.1793
386,3,0.1328,5.3121
387,2,0.0885,5.4006
388,2,0.0885,5.4892
389,1,0.0443,5.5334
390,1,0.0443,5.5777
391,5,0.2213,5.799
392,2,0.0885,5.8876
393,1,0.0443,5.9318
394,3,0.1328,6.0646
395,4,0.1771,6.2417
396,2,0.0885,6.3302
397,2,0.0885,6.4188
398,4,0.1771,6.5958
400,1,0.0443,6.6401
402,3,0.1328,6.7729
403,1,0.0443,6.8172
404,3,0.1328,6.95
405,1,0.0443,6.9942
407,4,0.1771,7.1713
408,3,0.1328,7.3041
409,4,0.1771,7.4812
411,3,0.1328,7.614
412,1,0.0443,7.6583
413,4,0.1771,7.8353
414,6,0.2656,8.1009
415,4,0.1771,8.278
416,5,0.2213,8.4993
417,1,0.0443,8.5436
418,1,0.0443,8.5879
419,2,0.0885,8.6764
421,4,0.1771,8.8535
422,3,0.1328,8.9863
423,4,0.1771,9.1633
424,7,0.3099,9.4732
425,4,0.1771,9.6503
426,1,0.0443,9.6946
427,2,0.0885,9.7831
428,4,0.1771,9.9602
429,2,0.0885,10.0487
430,2,0.0885,10.1372
431,1,0.0443,10.1815
432,2,0.0885,10.27
434,3,0.1328,10.4028
435,4,0.1771,10.5799
436,6,0.2656,10.8455
437,2,0.0885,10.934
438,4,0.1771,11.1111
439,2,0.0885,11.1996
440,2,0.0885,11.2882
441,6,0.2656,11.5538
442,2,0.0885,11.6423
443,9,0.3984,12.0407
444,2,0.0885,12.1293
445,6,0.2656,12.3949
446,6,0.2656,12.6605
447,6,0.2656,12.9261
448,7,0.3099,13.235900000000001
449,3,0.1328,13.3687
450,3,0.1328,13.5015
451,7,0.3099,13.8114
452,3,0.1328,13.9442
453,8,0.3541,14.298400000000001
454,6,0.2656,14.564
455,7,0.3099,14.8738
456,10,0.4427,15.3165
457,5,0.2213,15.5378
458,5,0.2213,15.7592
459,8,0.3541,16.1133
460,2,0.0885,16.2019
461,10,0.4427,16.6445
462,8,0.3541,16.9987
463,4,0.1771,17.1757
464,8,0.3541,17.5299
465,4,0.1771,17.7069
466,7,0.3099,18.0168
467,8,0.3541,18.371
468,5,0.2213,18.5923
469,6,0.2656,18.8579
470,8,0.3541,19.212
471,11,0.4869,19.699
472,3,0.1328,19.8318
473,6,0.2656,20.0974
474,8,0.3541,20.4515
475,9,0.3984,20.8499
476,10,0.4427,21.2926
477,10,0.4427,21.7353
478,13,0.5755,22.3108
479,11,0.4869,22.7977
480,7,0.3099,23.1076
481,11,0.4869,23.5945
482,15,0.664,24.2585
483,12,0.5312,24.7897
484,10,0.4427,25.2324
485,10,0.4427,25.6751
486,14,0.6197,26.2948
487,18,0.7968,27.0916
488,16,0.7083,27.7999
489,8,0.3541,28.1541
490,14,0.6197,28.7738
491,11,0.4869,29.2607
492,16,0.7083,29.969
493,8,0.3541,30.3232
494,16,0.7083,31.0314
495,15,0.664,31.6954
496,18,0.7968,32.4923
497,17,0.7525,33.2448
498,18,0.7968,34.0416
499,13,0.5755,34.6171
500,87,3.8513,38.4683
501,15,0.664,39.1324
502,13,0.5755,39.7078
503,12,0.5312,40.239
504,15,0.664,40.9031
505,13,0.5755,41.4785
506,14,0.6197,42.0983
507,14,0.6197,42.718
508,18,0.7968,43.5148
509,11,0.4869,44.0018
510,18,0.7968,44.7986
511,12,0.5312,45.3298
512,13,0.5755,45.9053
513,23,1.0181,46.9234
514,32,1.4166,48.34
515,7,0.3099,48.6498
516,13,0.5755,49.2253
517,17,0.7525,49.9779
518,59,2.6118,52.5896
519,17,0.7525,53.3422
520,11,0.4869,53.8291
521,18,0.7968,54.6259
522,17,0.7525,55.3785
523,12,0.5312,55.9097
524,16,0.7083,56.618
525,12,0.5312,57.1492
526,23,1.0181,58.1673
527,11,0.4869,58.6543
528,13,0.5755,59.2297
529,25,1.1067,60.3364
530,18,0.7968,61.1332
531,11,0.4869,61.6202
532,11,0.4869,62.1071
533,8,0.3541,62.4613
534,15,0.664,63.1253
535,37,1.6379,64.7632
536,10,0.4427,65.2058
537,8,0.3541,65.56
538,10,0.4427,66.0027
539,14,0.6197,66.6224
540,10,0.4427,67.0651
541,18,0.7968,67.8619
542,9,0.3984,68.2603
543,13,0.5755,68.8358
544,18,0.7968,69.6326
545,13,0.5755,70.2081
546,9,0.3984,70.6065
547,11,0.4869,71.0934
548,15,0.664,71.7574
549,10,0.4427,72.2001
550,16,0.7083,72.9084
551,10,0.4427,73.351
552,13,0.5755,73.9265
553,11,0.4869,74.4135
554,8,0.3541,74.7676
555,16,0.7083,75.4759
556,19,0.8411,76.317
557,12,0.5312,76.8482
558,11,0.4869,77.3351
559,4,0.1771,77.512200000000007
560,7,0.3099,77.822
561,23,1.0181,78.8402
562,5,0.2213,79.0615
563,10,0.4427,79.5042
564,7,0.3099,79.8141
565,8,0.3541,80.1682
566,5,0.2213,80.3896
567,12,0.5312,80.9208
568,9,0.3984,81.3192
569,8,0.3541,81.6733
570,7,0.3099,81.9832
571,11,0.4869,82.4701
572,7,0.3099,82.78
573,8,0.3541,83.1341
574,11,0.4869,83.6211
575,12,0.5312,84.1523
576,9,0.3984,84.5507
577,6,0.2656,84.8163
578,5,0.2213,85.0376
579,10,0.4427,85.4803
580,7,0.3099,85.7902
581,5,0.2213,86.0115
582,7,0.3099,86.3214
583,5,0.2213,86.5427
584,3,0.1328,86.6755
585,7,0.3099,86.9854
586,3,0.1328,87.1182
587,10,0.4427,87.5609
588,4,0.1771,87.7379
589,6,0.2656,88.0035
590,8,0.3541,88.3577
591,13,0.5755,88.9332
592,6,0.2656,89.1988
593,8,0.3541,89.5529
594,5,0.2213,89.7742
595,3,0.1328,89.907
596,4,0.1771,90.0841
597,3,0.1328,90.2169
598,6,0.2656,90.4825
599,5,0.2213,90.7039
600,6,0.2656,90.9695
601,9,0.3984,91.3679
602,5,0.2213,91.5892
603,2,0.0885,91.6777
604,4,0.1771,91.8548
605,1,0.0443,91.8991
606,5,0.2213,92.1204
607,5,0.2213,92.3417
608,6,0.2656,92.6073
609,7,0.3099,92.9172
610,5,0.2213,93.1386
611,4,0.1771,93.3156
612,2,0.0885,93.4042
613,5,0.2213,93.6255
614,1,0.0443,93.6698
615,1,0.0443,93.714
616,1,0.0443,93.7583
617,3,0.1328,93.8911
618,2,0.0885,93.9796
619,2,0.0885,94.0682
620,3,0.1328,94.201
621,3,0.1328,94.3338
622,2,0.0885,94.4223
623,7,0.3099,94.7322
625,5,0.2213,94.9535
626,4,0.1771,95.1306
627,5,0.2213,95.3519
628,2,0.0885,95.4405
630,2,0.0885,95.529
632,4,0.1771,95.7061
633,3,0.1328,95.8389
634,1,0.0443,95.8831
635,2,0.0885,95.9717
636,7,0.3099,96.2815
637,1,0.0443,96.3258
638,2,0.0885,96.4143
639,4,0.1771,96.5914
640,1,0.0443,96.6357
641,1,0.0443,96.6799
642,4,0.1771,96.857
643,1,0.0443,96.9013
644,1,0.0443,96.9456
645,2,0.0885,97.0341
646,2,0.0885,97.1226
647,2,0.0885,97.2112
648,1,0.0443,97.2554
650,5,0.2213,97.4768
651,1,0.0443,97.521
652,1,0.0443,97.5653
653,1,0.0443,97.6096
654,1,0.0443,97.6538
656,1,0.0443,97.6981
658,2,0.0885,97.7866
660,1,0.0443,97.8309
661,4,0.1771,98.008
662,1,0.0443,98.0522
663,1,0.0443,98.0965
664,1,0.0443,98.1408
666,2,0.0885,98.2293
668,1,0.0443,98.2736
670,1,0.0443,98.3178
672,2,0.0885,98.4064
673,1,0.0443,98.4506
675,1,0.0443,98.4949
676,1,0.0443,98.5392
679,1,0.0443,98.5834
680,1,0.0443,98.6277
682,1,0.0443,98.672
685,1,0.0443,98.7162
686,1,0.0443,98.7605
690,2,0.0885,98.849
692,2,0.0885,98.9376
697,4,0.1771,99.1147
700,2,0.0885,99.2032
701,1,0.0443,99.2475
702,1,0.0443,99.2917
704,1,0.0443,99.336
706,1,0.0443,99.3803
709,2,0.0885,99.4688
710,1,0.0443,99.5131
711,1,0.0443,99.5573
716,1,0.0443,99.6016
719,3,0.1328,99.7344
720,1,0.0443,99.7787
722,1,0.0443,99.8229
724,1,0.0443,99.8672
727,1,0.0443,99.9115
730,1,0.0443,99.9557
757,1,0.0443,100
