agestrat,PHYscore,n,perc,cum_per,lag_tot,lag_cum_per
0,0,22,84.6154,84.6154,NA,NA
0,1,3,11.5385,96.1538,0,84.6154
0,2,1,3.8462,100,1,96.1538
2,0,6,23.0769,23.0769,NA,NA
2,1,9,34.6154,57.6923,0,23.0769
2,2,8,30.7692,88.4615,1,57.6923
2,3,2,7.6923,96.1538,2,88.4615
2,7,1,3.8462,100,3,96.1538
4,0,1,2.381,2.381,NA,NA
4,1,3,7.1429,9.5238,0,2.381
4,2,9,21.4286,30.9524,1,9.5238
4,3,2,4.7619,35.7143,2,30.9524
4,4,21,50,85.7143,3,35.7143
4,5,5,11.9048,97.619,4,85.7143
4,6,1,2.381,100,5,97.619
6,2,1,2.5,2.5,NA,NA
6,3,4,10,12.5,2,2.5
6,4,9,22.5,35,3,12.5
6,5,11,27.5,62.5,4,35
6,6,13,32.5,95,5,62.5
6,7,2,5,100,6,95
8,5,3,8.5714,8.5714,NA,NA
8,6,12,34.2857,42.8571,5,8.5714
8,7,13,37.1429,80,6,42.8571
8,8,5,14.2857,94.2857,7,80
8,9,1,2.8571,97.1429,8,94.2857
8,10,1,2.8571,100,9,97.1429
10,5,1,2.381,2.381,NA,NA
10,6,2,4.7619,7.1429,5,2.381
10,7,11,26.1905,33.3333,6,7.1429
10,8,17,40.4762,73.8095,7,33.3333
10,9,5,11.9048,85.7143,8,73.8095
10,10,5,11.9048,97.619,9,85.7143
10,13,1,2.381,100,10,97.619
12,7,1,2.7027,2.7027,NA,NA
12,8,6,16.2162,18.9189,7,2.7027
12,9,2,5.4054,24.3243,8,18.9189
12,10,7,18.9189,43.2432,9,24.3243
12,11,3,8.1081,51.3514,10,43.2432
12,12,6,16.2162,67.5676,11,51.3514
12,13,4,10.8108,78.3784,12,67.5676
12,14,5,13.5135,91.8919,13,78.3784
12,15,2,5.4054,97.2973,14,91.8919
12,18,1,2.7027,100,15,97.2973
14,8,1,2.3256,2.3256,NA,NA
14,9,2,4.6512,6.9767,8,2.3256
14,10,5,11.6279,18.6047,9,6.9767
14,11,4,9.3023,27.907,10,18.6047
14,12,5,11.6279,39.5349,11,27.907
14,13,5,11.6279,51.1628,12,39.5349
14,14,9,20.9302,72.093,13,51.1628
14,15,4,9.3023,81.3953,14,72.093
14,16,2,4.6512,86.0465,15,81.3953
14,17,2,4.6512,90.6977,16,86.0465
14,18,2,4.6512,95.3488,17,90.6977
14,19,2,4.6512,100,18,95.3488
16,8,1,3.0303,3.0303,NA,NA
16,11,3,9.0909,12.1212,8,3.0303
16,12,5,15.1515,27.2727,11,12.1212
16,13,3,9.0909,36.3636,12,27.2727
16,14,5,15.1515,51.5152,13,36.3636
16,15,2,6.0606,57.5758,14,51.5152
16,16,3,9.0909,66.6667,15,57.5758
16,17,3,9.0909,75.7576,16,66.6667
16,18,5,15.1515,90.9091,17,75.7576
16,19,2,6.0606,96.9697,18,90.9091
16,21,1,3.0303,100,19,96.9697
18,10,2,5.8824,5.8824,NA,NA
18,11,1,2.9412,8.8235,10,5.8824
18,12,2,5.8824,14.7059,11,8.8235
18,13,5,14.7059,29.4118,12,14.7059
18,14,3,8.8235,38.2353,13,29.4118
18,15,3,8.8235,47.0588,14,38.2353
18,16,1,2.9412,50,15,47.0588
18,17,3,8.8235,58.8235,16,50
18,18,3,8.8235,67.6471,17,58.8235
18,19,4,11.7647,79.4118,18,67.6471
18,20,4,11.7647,91.1765,19,79.4118
18,21,2,5.8824,97.0588,20,91.1765
18,23,1,2.9412,100,21,97.0588
20,11,2,5.2632,5.2632,NA,NA
20,12,1,2.6316,7.8947,11,5.2632
20,13,5,13.1579,21.0526,12,7.8947
20,14,2,5.2632,26.3158,13,21.0526
20,15,4,10.5263,36.8421,14,26.3158
20,16,3,7.8947,44.7368,15,36.8421
20,17,6,15.7895,60.5263,16,44.7368
20,18,6,15.7895,76.3158,17,60.5263
20,19,4,10.5263,86.8421,18,76.3158
20,20,1,2.6316,89.4737,19,86.8421
20,21,3,7.8947,97.3684,20,89.4737
20,25,1,2.6316,100,21,97.3684
22,14,1,3.3333,3.3333,NA,NA
22,15,3,10,13.3333,14,3.3333
22,16,1,3.3333,16.6667,15,13.3333
22,17,4,13.3333,30,16,16.6667
22,18,2,6.6667,36.6667,17,30
22,19,6,20,56.6667,18,36.6667
22,20,4,13.3333,70,19,56.6667
22,21,4,13.3333,83.3333,20,70
22,22,3,10,93.3333,21,83.3333
22,23,2,6.6667,100,22,93.3333
24,9,1,1.4085,1.4085,NA,NA
24,11,1,1.4085,2.8169,9,1.4085
24,12,1,1.4085,4.2254,11,2.8169
24,13,3,4.2254,8.4507,12,4.2254
24,15,5,7.0423,15.493,13,8.4507
24,16,1,1.4085,16.9014,15,15.493
24,17,10,14.0845,30.9859,16,16.9014
24,18,6,8.4507,39.4366,17,30.9859
24,19,10,14.0845,53.5211,18,39.4366
24,20,12,16.9014,70.4225,19,53.5211
24,21,3,4.2254,74.6479,20,70.4225
24,22,7,9.8592,84.507,21,74.6479
24,23,3,4.2254,88.7324,22,84.507
24,24,2,2.8169,91.5493,23,88.7324
24,25,3,4.2254,95.7746,24,91.5493
24,27,1,1.4085,97.1831,25,95.7746
24,28,2,2.8169,100,27,97.1831
28,7,1,1.5625,1.5625,NA,NA
28,8,1,1.5625,3.125,7,1.5625
28,11,1,1.5625,4.6875,8,3.125
28,14,4,6.25,10.9375,11,4.6875
28,15,1,1.5625,12.5,14,10.9375
28,16,3,4.6875,17.1875,15,12.5
28,17,4,6.25,23.4375,16,17.1875
28,18,4,6.25,29.6875,17,23.4375
28,19,7,10.9375,40.625,18,29.6875
28,20,9,14.0625,54.6875,19,40.625
28,21,7,10.9375,65.625,20,54.6875
28,22,4,6.25,71.875,21,65.625
28,23,7,10.9375,82.8125,22,71.875
28,24,3,4.6875,87.5,23,82.8125
28,25,3,4.6875,92.1875,24,87.5
28,26,1,1.5625,93.75,25,92.1875
28,27,1,1.5625,95.3125,26,93.75
28,29,1,1.5625,96.875,27,95.3125
28,30,1,1.5625,98.4375,29,96.875
28,31,1,1.5625,100,30,98.4375
32,12,2,3.3898,3.3898,NA,NA
32,14,2,3.3898,6.7797,12,3.3898
32,16,1,1.6949,8.4746,14,6.7797
32,17,2,3.3898,11.8644,16,8.4746
32,19,4,6.7797,18.6441,17,11.8644
32,20,9,15.2542,33.8983,19,18.6441
32,21,9,15.2542,49.1525,20,33.8983
32,22,5,8.4746,57.6271,21,49.1525
32,23,4,6.7797,64.4068,22,57.6271
32,24,3,5.0847,69.4915,23,64.4068
32,25,3,5.0847,74.5763,24,69.4915
32,26,3,5.0847,79.661,25,74.5763
32,27,2,3.3898,83.0508,26,79.661
32,28,3,5.0847,88.1356,27,83.0508
32,29,3,5.0847,93.2203,28,88.1356
32,30,2,3.3898,96.6102,29,93.2203
32,33,1,1.6949,98.3051,30,96.6102
32,34,1,1.6949,100,33,98.3051
36,2,1,1.1905,1.1905,NA,NA
36,10,1,1.1905,2.381,2,1.1905
36,11,2,2.381,4.7619,10,2.381
36,15,1,1.1905,5.9524,11,4.7619
36,16,2,2.381,8.3333,15,5.9524
36,17,3,3.5714,11.9048,16,8.3333
36,18,2,2.381,14.2857,17,11.9048
36,19,3,3.5714,17.8571,18,14.2857
36,20,2,2.381,20.2381,19,17.8571
36,21,1,1.1905,21.4286,20,20.2381
36,22,4,4.7619,26.1905,21,21.4286
36,23,5,5.9524,32.1429,22,26.1905
36,24,6,7.1429,39.2857,23,32.1429
36,25,10,11.9048,51.1905,24,39.2857
36,26,6,7.1429,58.3333,25,51.1905
36,27,5,5.9524,64.2857,26,58.3333
36,28,5,5.9524,70.2381,27,64.2857
36,29,7,8.3333,78.5714,28,70.2381
36,30,10,11.9048,90.4762,29,78.5714
36,31,6,7.1429,97.619,30,90.4762
36,32,2,2.381,100,31,97.619
42,10,1,1.0753,1.0753,NA,NA
42,13,2,2.1505,3.2258,10,1.0753
42,17,2,2.1505,5.3763,13,3.2258
42,18,6,6.4516,11.828,17,5.3763
42,19,3,3.2258,15.0538,18,11.828
42,20,2,2.1505,17.2043,19,15.0538
42,21,1,1.0753,18.2796,20,17.2043
42,22,3,3.2258,21.5054,21,18.2796
42,23,4,4.3011,25.8065,22,21.5054
42,24,7,7.5269,33.3333,23,25.8065
42,25,11,11.828,45.1613,24,33.3333
42,26,5,5.3763,50.5376,25,45.1613
42,27,8,8.6022,59.1398,26,50.5376
42,28,6,6.4516,65.5914,27,59.1398
42,29,10,10.7527,76.3441,28,65.5914
42,30,10,10.7527,87.0968,29,76.3441
42,31,1,1.0753,88.172,30,87.0968
42,32,7,7.5269,95.6989,31,88.172
42,33,3,3.2258,98.9247,32,95.6989
42,34,1,1.0753,100,33,98.9247
48,7,1,1.0638,1.0638,NA,NA
48,10,1,1.0638,2.1277,7,1.0638
48,13,1,1.0638,3.1915,10,2.1277
48,17,1,1.0638,4.2553,13,3.1915
48,19,1,1.0638,5.3191,17,4.2553
48,20,2,2.1277,7.4468,19,5.3191
48,21,3,3.1915,10.6383,20,7.4468
48,22,3,3.1915,13.8298,21,10.6383
48,23,3,3.1915,17.0213,22,13.8298
48,24,2,2.1277,19.1489,23,17.0213
48,25,6,6.383,25.5319,24,19.1489
48,26,9,9.5745,35.1064,25,25.5319
48,27,9,9.5745,44.6809,26,35.1064
48,28,9,9.5745,54.2553,27,44.6809
48,29,8,8.5106,62.766,28,54.2553
48,30,7,7.4468,70.2128,29,62.766
48,31,10,10.6383,80.8511,30,70.2128
48,32,3,3.1915,84.0426,31,80.8511
48,33,7,7.4468,91.4894,32,84.0426
48,34,6,6.383,97.8723,33,91.4894
48,35,2,2.1277,100,34,97.8723
54,4,1,1.1111,1.1111,NA,NA
54,14,2,2.2222,3.3333,4,1.1111
54,16,1,1.1111,4.4444,14,3.3333
54,17,1,1.1111,5.5556,16,4.4444
54,18,1,1.1111,6.6667,17,5.5556
54,22,2,2.2222,8.8889,18,6.6667
54,23,3,3.3333,12.2222,22,8.8889
54,24,2,2.2222,14.4444,23,12.2222
54,25,5,5.5556,20,24,14.4444
54,26,4,4.4444,24.4444,25,20
54,27,8,8.8889,33.3333,26,24.4444
54,28,5,5.5556,38.8889,27,33.3333
54,29,6,6.6667,45.5556,28,38.8889
54,30,9,10,55.5556,29,45.5556
54,31,8,8.8889,64.4444,30,55.5556
54,32,10,11.1111,75.5556,31,64.4444
54,33,10,11.1111,86.6667,32,75.5556
54,34,6,6.6667,93.3333,33,86.6667
54,35,4,4.4444,97.7778,34,93.3333
54,36,1,1.1111,98.8889,35,97.7778
54,37,1,1.1111,100,36,98.8889
60,3,1,0.9174,0.9174,NA,NA
60,18,3,2.7523,3.6697,3,0.9174
60,19,1,0.9174,4.5872,18,3.6697
60,21,2,1.8349,6.422,19,4.5872
60,23,1,0.9174,7.3394,21,6.422
60,24,4,3.6697,11.0092,23,7.3394
60,25,2,1.8349,12.844,24,11.0092
60,26,2,1.8349,14.6789,25,12.844
60,27,4,3.6697,18.3486,26,14.6789
60,28,6,5.5046,23.8532,27,18.3486
60,29,3,2.7523,26.6055,28,23.8532
60,30,11,10.0917,36.6972,29,26.6055
60,31,9,8.2569,44.9541,30,36.6972
60,32,14,12.844,57.7982,31,44.9541
60,33,16,14.6789,72.4771,32,57.7982
60,34,21,19.2661,91.7431,33,72.4771
60,35,4,3.6697,95.4128,34,91.7431
60,36,5,4.5872,100,35,95.4128
66,8,1,1.0526,1.0526,NA,NA
66,17,2,2.1053,3.1579,8,1.0526
66,20,1,1.0526,4.2105,17,3.1579
66,21,2,2.1053,6.3158,20,4.2105
66,24,1,1.0526,7.3684,21,6.3158
66,25,2,2.1053,9.4737,24,7.3684
66,26,3,3.1579,12.6316,25,9.4737
66,27,4,4.2105,16.8421,26,12.6316
66,28,5,5.2632,22.1053,27,16.8421
66,29,1,1.0526,23.1579,28,22.1053
66,30,4,4.2105,27.3684,29,23.1579
66,31,9,9.4737,36.8421,30,27.3684
66,32,12,12.6316,49.4737,31,36.8421
66,33,16,16.8421,66.3158,32,49.4737
66,34,15,15.7895,82.1053,33,66.3158
66,35,6,6.3158,88.4211,34,82.1053
66,36,6,6.3158,94.7368,35,88.4211
66,37,5,5.2632,100,36,94.7368
72,18,2,1.8692,1.8692,NA,NA
72,19,3,2.8037,4.6729,18,1.8692
72,21,2,1.8692,6.5421,19,4.6729
72,25,1,0.9346,7.4766,21,6.5421
72,27,3,2.8037,10.2804,25,7.4766
72,28,2,1.8692,12.1495,27,10.2804
72,29,4,3.7383,15.8879,28,12.1495
72,30,3,2.8037,18.6916,29,15.8879
72,31,4,3.7383,22.4299,30,18.6916
72,32,11,10.2804,32.7103,31,22.4299
72,33,17,15.8879,48.5981,32,32.7103
72,34,17,15.8879,64.486,33,48.5981
72,35,15,14.0187,78.5047,34,64.486
72,36,8,7.4766,85.9813,35,78.5047
72,37,15,14.0187,100,36,85.9813
78,16,1,1.0753,1.0753,NA,NA
78,18,2,2.1505,3.2258,16,1.0753
78,20,1,1.0753,4.3011,18,3.2258
78,21,1,1.0753,5.3763,20,4.3011
78,23,1,1.0753,6.4516,21,5.3763
78,24,1,1.0753,7.5269,23,6.4516
78,27,2,2.1505,9.6774,24,7.5269
78,29,2,2.1505,11.828,27,9.6774
78,30,1,1.0753,12.9032,29,11.828
78,31,6,6.4516,19.3548,30,12.9032
78,32,7,7.5269,26.8817,31,19.3548
78,33,14,15.0538,41.9355,32,26.8817
78,34,16,17.2043,59.1398,33,41.9355
78,35,8,8.6022,67.7419,34,59.1398
78,36,18,19.3548,87.0968,35,67.7419
78,37,12,12.9032,100,36,87.0968
84,16,1,0.8065,0.8065,NA,NA
84,19,1,0.8065,1.6129,16,0.8065
84,24,1,0.8065,2.4194,19,1.6129
84,25,2,1.6129,4.0323,24,2.4194
84,26,2,1.6129,5.6452,25,4.0323
84,27,2,1.6129,7.2581,26,5.6452
84,28,1,0.8065,8.0645,27,7.2581
84,29,1,0.8065,8.871,28,8.0645
84,30,4,3.2258,12.0968,29,8.871
84,31,5,4.0323,16.129,30,12.0968
84,32,8,6.4516,22.5806,31,16.129
84,33,12,9.6774,32.2581,32,22.5806
84,34,6,4.8387,37.0968,33,32.2581
84,35,22,17.7419,54.8387,34,37.0968
84,36,25,20.1613,75,35,54.8387
84,37,31,25,100,36,75
96,13,1,0.8065,0.8065,NA,NA
96,17,1,0.8065,1.6129,13,0.8065
96,20,1,0.8065,2.4194,17,1.6129
96,25,1,0.8065,3.2258,20,2.4194
96,26,1,0.8065,4.0323,25,3.2258
96,30,1,0.8065,4.8387,26,4.0323
96,31,1,0.8065,5.6452,30,4.8387
96,32,2,1.6129,7.2581,31,5.6452
96,33,3,2.4194,9.6774,32,7.2581
96,34,9,7.2581,16.9355,33,9.6774
96,35,10,8.0645,25,34,16.9355
96,36,36,29.0323,54.0323,35,25
96,37,57,45.9677,100,36,54.0323
108,17,1,0.9009,0.9009,NA,NA
108,18,1,0.9009,1.8018,17,0.9009
108,21,1,0.9009,2.7027,18,1.8018
108,28,1,0.9009,3.6036,21,2.7027
108,30,3,2.7027,6.3063,28,3.6036
108,31,1,0.9009,7.2072,30,6.3063
108,32,1,0.9009,8.1081,31,7.2072
108,33,1,0.9009,9.009,32,8.1081
108,34,4,3.6036,12.6126,33,9.009
108,35,9,8.1081,20.7207,34,12.6126
108,36,20,18.018,38.7387,35,20.7207
108,37,68,61.2613,100,36,38.7387
120,8,1,0.9346,0.9346,NA,NA
120,20,1,0.9346,1.8692,8,0.9346
120,22,1,0.9346,2.8037,20,1.8692
120,23,1,0.9346,3.7383,22,2.8037
120,24,1,0.9346,4.6729,23,3.7383
120,26,1,0.9346,5.6075,24,4.6729
120,31,1,0.9346,6.5421,26,5.6075
120,34,3,2.8037,9.3458,31,6.5421
120,35,6,5.6075,14.9533,34,9.3458
120,36,15,14.0187,28.972,35,14.9533
120,37,76,71.028,100,36,28.972
132,25,1,0.5076,0.5076,NA,NA
132,26,3,1.5228,2.0305,25,0.5076
132,28,1,0.5076,2.5381,26,2.0305
132,31,1,0.5076,3.0457,28,2.5381
132,33,1,0.5076,3.5533,31,3.0457
132,34,5,2.5381,6.0914,33,3.5533
132,35,9,4.5685,10.6599,34,6.0914
132,36,25,12.6904,23.3503,35,10.6599
132,37,151,76.6497,100,36,23.3503
156,25,1,0.7812,0.7812,NA,NA
156,32,2,1.5625,2.3438,25,0.7812
156,33,2,1.5625,3.9062,32,2.3438
156,34,4,3.125,7.0312,33,3.9062
156,35,3,2.3438,9.375,34,7.0312
156,36,15,11.7188,21.0938,35,9.375
156,37,101,78.9062,100,36,21.0938
204,27,1,0.9174,0.9174,NA,NA
204,29,1,0.9174,1.8349,27,0.9174
204,33,1,0.9174,2.7523,29,1.8349
204,34,2,1.8349,4.5872,33,2.7523
204,35,3,2.7523,7.3394,34,4.5872
204,36,7,6.422,13.7615,35,7.3394
204,37,94,86.2385,100,36,13.7615
